      6 16
     15 32
      1 48
      1 64
      1 96
      2 128
      1 144
      1 160
      1 256
END 957424
     13 16
     44 32
      2 48
      7 64
      2 80
      5 96
      1 112
      8 128
      1 144
      3 160
      1 192
      1 208
      3 256
      1 480
      1 512
END 906224
     37 16
     88 32
      3 48
     17 64
      2 80
      8 96
      5 112
     14 128
      1 144
      3 160
      2 176
      2 192
      1 208
      5 256
      1 480
      1 512
      2 1024
END 872432
     56 16
    116 32
      3 48
     22 64
      2 80
     11 96
      5 112
     18 128
      1 144
      4 160
      2 176
      2 192
      2 208
      5 256
      1 288
      1 352
      1 480
      4 512
      1 896
      1 912
      1 992
      1 1024
      1 2816
      1 4096
END 810992
     76 16
    129 32
      5 48
     23 64
      2 80
     12 96
      5 112
     18 128
      1 144
      4 160
      2 176
      2 192
      2 208
      1 224
      5 256
      1 288
      2 320
      1 352
      1 480
      3 512
      1 896
      1 912
      1 992
END 451568
     97 16
    147 32
      5 48
     24 64
      3 80
     12 96
      5 112
     20 128
      1 144
      7 160
      2 176
      2 192
      2 208
      2 224
      5 256
      1 288
      1 304
      2 320
      1 352
      1 464
      2 480
      2 512
      1 896
      1 912
      1 992
      1 1024
      1 2048
END 407536
     99 16
    148 32
      6 48
     26 64
      2 80
     12 96
      5 112
     19 128
      1 144
      7 160
      2 176
      2 192
      2 208
      2 224
      5 256
      1 288
      1 304
      2 320
      1 352
      1 464
      2 480
      2 512
      1 896
      1 912
      1 992
      1 1024
      1 2048
END 405488
