      8 16
      7 32
      4 64
      1 96
      1 128
      1 144
      1 160
      1 208
      1 256
END 957424
     37 16
     23 32
      3 48
     10 64
      2 80
      8 96
      3 112
      6 128
      1 144
      1 160
      1 192
      1 208
      1 224
      1 240
      2 256
      1 384
      1 512
END 906224
     70 16
     52 32
     11 48
     21 64
      3 80
     11 96
      6 112
     11 128
      1 144
      1 160
      2 192
      1 208
      1 224
      2 240
      4 256
      1 384
      1 512
      1 4096
END 870592
     93 16
     74 32
     13 48
     25 64
      3 80
     13 96
      7 112
     17 128
      2 144
      1 160
      1 176
      3 192
      1 208
      3 224
      2 240
      4 256
      1 320
      2 384
      1 464
      1 512
      1 640
      1 736
      1 864
      1 912
      1 4096
END 814928
    114 16
     94 32
     15 48
     25 64
      3 80
     14 96
      7 112
     19 128
      1 144
      1 160
      1 176
      2 192
      1 208
      3 224
      2 240
      4 256
      2 320
      3 384
      1 464
      3 512
      1 864
      1 912
END 451568
    133 16
    114 32
     16 48
     28 64
      4 80
     14 96
      7 112
     23 128
      1 144
      3 160
      2 176
      2 192
      1 208
      4 224
      2 240
      6 256
      1 304
      2 320
      1 336
      3 384
      1 464
      2 512
      1 640
      1 864
      1 912
      1 1024
END 408560
    137 16
    114 32
     17 48
     28 64
      3 80
     14 96
      7 112
     22 128
      1 144
      3 160
      2 176
      2 192
      1 208
      4 224
      2 240
      5 256
      1 304
      2 320
      1 336
      3 384
      1 464
      2 512
      1 864
      1 912
      1 1024
END 407536
