     50 64
      9 96
     22 112
     20 128
    264 192
     57 224
     22 240
      3 448
      3 512
      3 768
      6 3072
      4 3584
      1 3840
      2 7168
      1 7680
      3 7936
END 793584
      7 32
     24 48
    110 64
     39 96
     48 112
     22 128
      7 160
      6 176
    184 192
      1 208
     42 224
     13 240
     15 256
      3 320
     16 384
      1 448
      5 512
     24 768
     18 896
      1 1024
      4 1152
      1 1280
      3 1536
      2 1664
      6 31744
      1 32512
END 556016
     34 32
     77 48
    105 64
     35 96
     50 112
    127 128
     20 160
     21 176
    124 192
      2 208
     29 224
     11 240
     35 256
      2 320
     38 384
      1 448
      3 512
      2 640
      1 4096
      4 15360
      3 15872
      1 16384
      1 31744
      2 32256
END 556016
     28 16
     53 32
     87 48
    102 64
     11 80
     34 96
     45 112
    204 128
     19 160
     22 176
    105 192
      3 208
     21 224
     10 240
      3 256
      8 320
      1 384
      1 416
      5 448
      2 512
      4 2048
      3 2560
      6 3072
      5 3584
      3 3840
      3 4096
      1 4352
      3 6144
      2 6656
      6 7168
      8 7680
END 531440
     70 16
     99 32
     81 48
     96 64
     24 80
     33 96
     35 112
    180 128
      6 144
     25 160
     19 176
     75 192
      3 208
      9 224
      7 240
      4 256
      1 288
      2 304
      6 320
      1 352
      2 368
      3 384
      1 416
     10 448
      1 496
      1 512
     16 1024
      4 1536
      2 1792
     16 2048
      3 2304
      4 2560
     11 3072
      9 3584
      5 3840
      1 4096
      2 4352
      4 24576
      1 57344
END 57328
     99 16
    130 32
     84 48
    126 64
     40 80
     37 96
     34 112
     92 128
      7 144
     31 160
     15 176
     72 192
      2 208
      8 224
      7 240
      4 256
      2 288
      2 304
      3 320
      2 352
      3 384
      6 448
      5 512
      4 768
     43 1024
     17 1536
     19 1792
      6 2048
      5 2304
      3 2560
      2 3072
      2 3840
      5 24576
      1 57344
END 24560
    100 16
    131 32
     84 48
    147 64
     40 80
     38 96
     35 112
     70 128
     11 144
     26 160
     15 176
     69 192
      2 208
      8 224
      7 240
      4 256
      2 288
      2 304
      3 320
      2 352
      3 384
      6 448
      5 512
      4 768
     43 1024
     17 1536
     18 1792
      5 2048
      5 2304
      3 2560
      2 3072
      3 3840
      5 24576
      1 57344
END 24560
