72704
472
120
1024
5
120
12
776
112
1336
216
432
104
88
120
168
104
80
192
12
12
12
12
12
12
5
120
12
776
112
1336
216
432
104
88
120
168
104
80
192
12
12
12
12
12
12
281
34
10
56
56
1509
40
40
40
40
40
40
40
40
40
40
40
40
40
40
40
40
40
40
40
40
40
40
40
40
40
40
40
40
40
40
40
40
40
40
40
40
40
40
40
40
40
40
40
40
40
40
40
40
40
40
40
40
40
40
40
40
40
40
40
40
40
40
40
40
40
40
40
40
40
40
40
40
40
40
40
40
40
40
40
40
40
40
40
40
40
40
40
40
40
40
40
40
40
40
40
40
40
40
40
40
40
40
40
40
40
40
40
40
40
40
40
40
128
20000
32
2
32816
8
7
11
72
144
168
1024
