72704
5
120
12
776
112
1336
216
432
104
88
120
168
104
80
192
12
12
12
12
12
12
5
120
12
776
112
1336
216
432
104
88
120
168
104
80
192
12
12
12
12
12
12
281
29
5
16
1624
16
760
22
10
91
48
864
472
4096
853
44
156
3312
27
40
10
46
3328
80
40
16
512
128
28
8055
3584
296
688
4844
4844
4844
4844
4844
4844
4844
4844
4844
4844
4844
4844
4844
4844
4844
4844
4844
4844
4844
4844
4844
4844
4844
4844
4844
4844
4844
4844
4844
4844
4844
4844
4844
4844
4844
4844
4844
4844
4844
4844
4844
4844
4844
296
688
4844
4844
4844
4844
4844
4844
4844
4844
4844
4844
4844
4844
4844
4844
4844
4844
4844
4844
4844
4844
4844
4844
4844
4844
4844
4844
4844
4844
4844
4844
4844
4844
4844
4844
4844
4844
4844
4844
4844
4844
4844
4844
4844
296
688
4844
4844
4844
4844
4844
4844
4844
4844
4844
4844
4844
4844
4844
4844
4844
4844
4844
4844
4844
4844
4844
4844
4844
4844
4844
4844
4844
4844
4844
4844
4844
4844
4844
4844
4844
4844
4844
4844
4844
4844
4844
4844
4844
18
168
17
24
2
168
9
24
168
9
24
168
9
24
168
9
24
168
11
24
168
11
24
168
9
24
168
9
24
168
17
24
640
7168
40
40
40
40
40
40
40
40
40
40
40
40
40
40
40
40
40
40
40
40
40
40
40
40
40
40
40
40
40
40
40
40
40
40
40
40
40
40
40
40
40
40
40
40
40
40
40
40
40
40
40
40
40
40
40
40
40
40
40
40
40
40
40
40
40
40
40
40
40
40
40
40
40
40
40
40
40
40
40
40
40
40
40
40
40
40
40
40
40
40
40
40
40
40
40
40
40
40
40
40
40
40
40
40
40
40
40
40
40
40
40
40
40
40
40
48
48
48
48
48
48
48
48
48
48
48
48
48
48
48
48
48
48
48
48
48
48
48
48
48
48
48
48
48
48
48
48
48
48
48
48
48
48
48
48
48
48
48
48
48
48
48
48
48
48
48
48
48
48
48
48
48
48
48
48
48
48
48
48
48
48
48
48
48
48
48
48
48
48
48
48
48
48
48
48
48
48
48
48
48
48
48
48
48
48
48
48
48
48
48
48
48
48
48
48
48
48
48
48
48
48
48
48
48
48
48
48
48
48
48
48
48
48
48
48
48
48
48
48
48
48
48
48
48
48
48
48
48
48
48
48
48
48
48
48
48
48
48
48
48
48
48
48
48
48
48
48
48
48
48
48
48
48
48
48
48
48
48
48
48
48
48
48
48
48
48
48
48
48
48
48
48
48
48
48
48
48
48
48
48
48
48
12
472
120
4096
25
32816
32
208
208
11
12
13
18
14
15
15
13
9
12
17
13
12
11
11
13
12
14
16
16
11
16
11
16
12
12
10
16
11
11
12
12
10
11
11
13
15
11
10
14
13
13
344
27
28
29
34
30
31
31
29
25
28
33
29
28
27
27
29
28
30
32
32
27
32
27
32
28
28
26
32
27
27
28
28
26
27
27
29
31
27
26
30
29
29
472
120
4096
112
4
27
2
64
256
224
208
256
52
968
968
52
52
208
208
4
8
8
4
4
4
4
12
4
4
4
12
8
4
4
4
88
4
4
16
16
472
120
4096
112
9
32
2
64
256
224
176
256
44
968
44
44
176
176
4
8
4
4
4
4
4
4
12
8
4
4
4
88
4
4
16
16
472
120
4096
112
4
27
2
64
256
224
112
128
28
968
28
28
112
112
0
4
4
4
4
4
8
4
4
4
88
4
4
16
16
64
256
224
144
256
36
968
968
36
36
144
144
0
4
8
8
4
4
4
4
12
4
4
4
4
8
88
8
16
8
0
16
88
8
16
8
0
16
88
8
16
8
8
16
88
8
16
8
8
16
16
472
120
4096
112
10
33
2
64
256
224
304
512
76
968
32
72
968
32
72
76
76
304
304
0
8
8
4
4
4
4
4
4
4
4
4
4
4
4
12
12
8
4
4
4
88
4
4
16
16
472
120
4096
112
6
29
2
64
256
224
432
512
108
968
968
968
108
108
432
432
4
8
4
4
4
4
4
4
4
4
4
4
4
4
4
4
4
4
4
4
4
4
4
12
8
4
4
12
88
12
12
16
16
472
120
4096
112
2
25
2
64
256
224
656
1024
164
968
32
72
968
968
164
164
656
656
8
8
8
8
8
8
8
8
8
8
8
4
4
4
4
4
4
4
12
12
8
4
4
12
4
4
12
4
4
4
12
4
4
12
4
12
4
4
12
4
4
12
12
4
4
88
4
4
16
16
64
256
224
656
1024
164
968
968
32
72
8
968
164
164
656
656
12
8
4
8
8
8
8
8
4
4
4
4
12
8
4
4
4
4
12
12
12
4
12
4
4
4
4
12
4
4
4
4
88
4
4
16
16
472
120
4096
112
4
27
2
64
256
224
112
128
28
968
28
28
112
112
0
4
4
4
4
4
8
4
4
4
88
4
4
16
16
472
120
4096
112
13
30
2
64
256
224
752
1024
188
968
968
968
968
968
188
188
752
752
8
8
8
8
8
8
4
4
4
4
4
4
4
4
4
4
4
4
4
4
4
4
4
12
4
4
4
4
4
12
12
12
12
4
4
4
8
4
4
4
4
4
4
4
4
4
4
88
4
4
16
16
472
120
4096
112
8
31
2
472
120
4096
112
6
29
2
64
256
224
96
128
24
968
24
24
96
96
0
4
4
4
4
8
4
4
4
88
4
4
16
16
472
120
4096
112
6
29
2
64
256
224
112
128
28
968
28
28
112
112
0
4
4
4
4
4
8
4
4
4
88
4
4
16
16
472
120
4096
112
3
26
2
64
256
224
96
128
24
968
24
24
96
96
0
4
4
4
4
8
4
4
4
88
4
4
16
16
472
120
4096
112
6
29
2
64
256
224
560
1024
140
968
32
72
968
968
32
72
968
140
140
560
560
4
8
8
8
4
8
8
8
4
4
4
4
4
4
4
12
4
4
4
4
12
8
4
4
4
4
4
4
4
4
4
12
4
4
12
12
8
4
12
4
12
88
12
12
16
16
472
120
4096
112
6
29
2
64
256
224
112
128
28
968
28
28
112
112
0
4
4
4
4
4
8
4
4
4
88
4
4
16
16
64
256
224
176
256
44
968
968
44
44
176
176
0
4
8
8
4
4
4
4
12
4
4
4
4
4
4
8
88
8
16
8
0
16
88
8
16
8
0
16
88
8
16
8
8
16
88
8
16
8
8
16
16
472
120
4096
112
8
31
2
64
256
224
96
128
24
968
24
24
96
96
0
4
4
4
4
8
4
4
4
88
4
4
16
16
472
120
4096
112
5
28
2
64
256
224
144
256
36
968
36
36
144
144
0
8
4
4
4
4
4
4
12
8
4
4
4
88
4
4
16
16
472
120
4096
112
5
28
2
64
256
224
128
128
32
968
32
32
128
128
0
4
4
4
4
4
4
8
4
4
4
88
4
4
16
16
472
120
4096
112
11
34
2
64
256
224
96
128
24
968
24
24
96
96
0
4
4
4
4
8
4
4
4
88
4
4
16
16
472
120
4096
112
5
28
2
64
256
224
128
128
32
968
32
32
128
128
0
4
4
4
4
4
4
8
4
4
4
88
4
4
16
16
472
120
4096
112
4
27
2
64
256
224
112
128
28
968
28
28
112
112
0
4
4
4
4
4
8
4
4
4
88
4
4
16
16
472
120
4096
112
9
32
2
64
256
224
656
1024
164
968
968
32
72
968
968
164
164
656
656
16
8
8
8
8
8
4
8
4
4
4
4
4
12
4
4
12
4
4
4
4
4
4
4
4
4
12
12
8
4
4
4
4
4
4
4
4
12
8
4
12
4
12
88
12
12
16
16
472
120
4096
112
4
27
2
64
256
224
176
256
44
968
32
72
4
4
44
44
176
176
0
8
8
4
4
4
4
12
4
12
8
4
4
4
88
4
4
16
16
472
120
4096
112
9
32
2
64
256
224
96
128
24
968
24
24
96
96
0
4
4
4
4
8
4
4
4
88
4
4
16
16
472
120
4096
112
9
32
2
472
120
4096
112
7
30
2
64
256
224
304
512
76
32
72
968
968
76
76
304
304
4
8
4
4
4
4
4
4
4
4
4
4
4
12
8
4
4
4
88
4
4
16
16
472
120
4096
112
9
32
2
64
256
224
288
512
72
968
968
72
72
288
288
4
8
4
4
4
4
4
4
4
4
4
4
4
4
4
12
8
4
4
4
88
4
4
16
16
64
256
224
320
512
80
968
968
968
80
80
320
320
4
4
8
8
8
4
4
4
4
12
12
4
4
4
4
4
4
4
4
4
4
4
4
8
88
8
16
8
0
16
88
8
16
8
0
16
88
8
16
8
8
16
88
8
16
8
8
16
16
472
120
4096
112
2
28
2
64
256
224
80
128
20
968
20
20
80
80
0
4
4
4
8
4
4
4
88
4
4
16
16
472
120
4096
112
6
29
2
64
256
224
128
128
32
968
32
32
128
128
0
8
4
4
4
4
4
12
8
4
4
4
88
4
4
16
16
472
120
4096
112
6
29
2
64
256
224
384
512
96
968
968
968
96
96
384
384
4
8
8
4
4
4
4
4
4
4
4
4
4
4
12
4
4
4
4
4
4
4
12
8
4
4
4
88
4
4
16
16
472
120
4096
112
5
28
2
64
256
224
144
256
36
968
32
72
36
36
144
144
0
4
4
4
4
8
4
4
4
88
4
4
16
16
64
256
224
160
256
40
968
968
40
40
160
160
0
4
8
8
4
4
4
4
12
4
4
4
4
4
8
88
8
16
8
0
16
88
8
16
8
0
16
88
8
16
8
8
16
88
8
16
8
8
16
16
472
120
4096
112
4
27
2
64
256
224
464
512
116
968
32
72
968
968
116
116
464
464
4
8
8
8
4
4
4
4
4
4
12
8
4
4
4
4
4
4
12
4
4
4
12
4
4
88
4
4
16
16
472
120
4096
112
3
26
2
64
256
224
128
128
32
968
32
32
128
128
0
8
4
4
4
4
4
12
8
4
4
4
88
4
4
16
16
472
120
4096
112
7
30
2
64
256
224
96
128
24
968
24
24
96
96
0
4
4
4
4
8
4
4
4
88
4
4
16
16
64
256
224
192
256
48
968
968
48
48
192
192
0
4
8
8
4
4
4
4
12
4
4
4
4
4
4
4
8
88
8
16
8
0
16
88
8
16
8
0
16
88
8
16
8
8
16
88
8
16
8
8
16
16
472
120
4096
112
5
28
2
64
256
224
96
128
24
968
24
24
96
96
0
4
4
4
4
8
4
4
4
88
4
4
16
16
64
256
224
160
256
40
968
968
40
40
160
160
0
4
8
8
4
4
4
4
12
4
4
4
4
4
8
88
8
16
8
0
16
88
8
16
8
0
16
88
8
16
8
8
16
88
8
16
8
8
16
16
472
120
4096
112
5
28
2
64
256
224
208
256
52
968
968
52
52
208
208
4
8
4
4
4
4
4
4
4
4
12
8
4
4
4
88
4
4
16
16
472
120
4096
112
3
26
2
64
256
224
1184
2048
296
968
968
968
968
968
968
968
296
296
1184
1184
20
8
8
8
8
8
8
8
8
8
8
8
8
8
8
4
4
4
4
4
4
12
4
4
4
12
4
12
4
4
12
4
12
4
4
12
4
4
4
12
4
4
12
4
12
4
4
4
4
4
4
4
4
4
4
4
4
12
12
8
4
12
4
4
4
4
4
4
12
4
4
4
4
4
4
4
12
4
28
88
28
28
16
16
64
256
224
1632
2048
408
968
32
72
8
968
968
968
968
968
32
72
8
968
968
968
408
408
1632
1632
16
4
8
8
8
8
8
8
8
8
8
8
8
8
8
8
8
8
8
8
8
8
4
8
4
4
4
4
12
4
4
4
4
4
4
12
4
4
12
12
12
12
12
12
12
12
12
12
12
4
4
4
4
4
4
4
4
4
4
12
4
4
4
4
4
4
4
4
4
4
4
4
4
4
4
4
12
4
4
12
12
4
4
12
4
4
4
4
4
4
4
4
4
4
12
4
4
4
4
4
4
4
4
4
12
8
4
4
8
88
8
16
8
0
16
88
8
16
8
0
16
88
8
16
8
8
16
88
8
16
8
8
16
16
64
256
224
400
512
100
968
968
968
100
100
400
400
0
8
8
4
4
4
4
12
4
4
4
4
4
4
4
4
4
4
4
4
4
12
4
4
4
4
4
88
4
4
16
16
472
120
4096
112
4
27
2
64
256
224
112
128
28
968
28
28
112
112
0
4
4
4
4
4
8
4
4
4
88
4
4
16
16
472
120
4096
112
4
27
2
64
256
224
208
256
52
968
968
52
52
208
208
4
8
4
4
4
4
4
4
4
4
12
8
4
4
4
88
4
4
16
16
472
120
4096
112
8
31
2
64
256
224
128
128
32
968
32
32
128
128
0
4
4
4
4
4
4
8
4
4
4
88
4
4
16
16
64
256
224
272
512
68
968
968
968
68
68
272
272
0
4
8
4
4
4
4
4
4
4
4
4
4
4
4
4
4
4
4
8
88
8
16
8
0
16
88
8
16
8
0
16
88
8
16
8
8
16
88
8
16
8
8
16
16
472
120
4096
112
4
27
2
64
256
224
112
128
28
968
28
28
112
112
0
4
4
4
4
4
8
4
4
4
88
4
4
16
16
472
120
4096
112
4
27
2
64
256
224
1264
2048
316
968
32
72
968
968
968
32
72
968
968
968
316
316
1264
1264
8
8
8
8
8
8
8
8
8
8
8
8
8
8
8
8
8
4
4
4
4
4
4
4
12
8
4
4
4
4
4
12
4
4
4
12
4
4
4
12
4
4
4
12
4
4
4
4
12
12
4
4
4
12
4
4
4
4
12
4
4
4
4
12
4
4
4
12
4
4
4
12
4
4
4
4
4
12
12
12
4
4
4
12
4
4
88
4
4
16
16
64
256
224
352
512
88
968
968
968
88
88
352
352
0
8
8
4
4
4
4
4
4
12
4
4
4
4
4
4
4
4
4
12
4
4
4
4
88
4
4
16
16
472
120
4096
112
5
28
2
64
256
224
144
256
36
968
36
36
144
144
0
8
4
4
4
4
12
4
4
8
4
4
4
88
4
4
16
16
64
256
224
288
512
72
968
968
72
72
288
288
4
8
4
4
8
4
8
4
4
4
4
4
4
4
8
4
4
4
4
4
8
4
12
12
4
20
88
20
16
20
4
16
88
20
16
20
4
16
88
20
16
20
20
16
88
20
16
20
20
16
16
10
18
30
48
1
48
1
48
1
17
29
44
43
472
4
7
27
256
224
432
512
108
968
32
72
32
72
968
108
108
432
432
8
968
4
4
8
4
8
4
4
8
4
8
4
8
4
4
8
4
4
4
4
8
12
4
8
12
4
4
8
12
4
8
12
4
4
4
8
8
12
8
12
4
8
12
4
4
4
4
8
8
480
8
8
8
8
8
8
8
8
8
8
8
8
8
8
8
8
8
8
8
8
8
8
8
8
8
8
8
8
8
8
32
88
32
16
32
0
16
88
32
16
32
0
16
88
32
16
32
32
16
88
32
16
32
32
16
9
5
1
7952
24
24
24
1024
296
16
4844
296
624
4844
4844
4844
4844
4844
4844
4844
4844
4844
4844
4844
4844
4844
4844
4844
4844
4844
4844
4844
4844
4844
4844
4844
4844
4844
4844
4844
4844
4844
4844
4844
4844
4844
4844
4844
4844
4844
4844
4844
296
48
4844
4844
4844
24
24
24
24
24
24
24
24
24
24
24
24
24
24
24
24
24
24
24
24
24
24
24
24
24
24
24
24
24
24
24
24
24
24
24
24
24
24
24
24
24
24
172
1
192
1
48
1
1
4097
1
4
4
12
88
72
72
16
88
80
80
16
2048
4
4
4
4
4
4
4
4
4
4
4
48
88
4
4
16
88
4
4
16
88
4
4
16
88
4
4
16
88
4
4
16
88
4
4
16
88
4
4
88
4
4
16
2048
4
8
2048
4
8
88
4
4
16
2048
4
8
88
4
4
16
2048
40
88
128
264
4
4
12
88
20
20
16
88
12
12
16
2048
4
4
4
16
88
4
4
16
88
4
4
16
2048
4
8
88
4
4
16
2048
4
8
88
4
4
16
2048
128
264
4
4
12
88
20
20
16
88
4
4
16
2048
4
8
88
4
4
16
2048
264
4
8
88
4
4
16
2048
4
8
88
4
4
16
2048
68
144
16
4
16
16
16
16
16
16
16
4
16
16
472
120
4096
64
256
224
80
128
20
968
20
20
80
80
0
8
8
4
4
12
4
4
12
4
4
88
4
4
16
40
64
256
224
720
1024
180
968
32
72
32
72
4
4
968
32
72
4
4
32
72
8
32
72
968
180
180
720
720
0
4
8
8
8
8
8
8
8
8
4
4
4
4
4
4
4
4
12
4
4
4
12
4
4
12
12
4
4
4
4
12
4
4
12
12
4
4
8
88
8
16
8
8
16
88
8
16
8
0
16
88
8
16
8
8
16
88
8
16
8
8
16
40
64
256
224
736
1024
184
968
32
72
968
32
72
4
4
32
72
4
4
968
32
72
8
184
184
736
736
4
4
8
4
4
8
8
8
8
4
8
4
4
12
8
4
4
8
4
4
4
4
8
4
12
4
4
4
4
4
4
12
4
4
4
12
4
4
12
12
8
4
4
496
8
8
8
8
8
8
8
8
8
8
8
8
8
8
8
8
8
8
8
8
8
8
8
8
8
8
8
8
8
8
8
20
88
20
16
20
20
16
88
20
16
20
0
16
88
20
16
20
20
16
88
20
16
20
20
16
40
64
256
224
960
1024
240
968
32
72
32
72
4
4
968
32
72
4
4
32
72
968
32
72
4
4
32
72
32
72
4
4
32
72
968
240
240
960
960
8
4
8
8
8
4
8
8
4
4
8
8
8
8
4
4
8
4
4
4
4
12
4
4
12
4
4
12
4
8
12
4
4
4
4
12
4
8
4
8
12
12
4
4
4
4
4
12
4
4
12
4
8
8
4
4
640
8
8
8
8
8
8
8
8
8
8
8
8
8
8
8
8
8
8
8
8
8
8
8
8
8
8
8
8
8
8
8
8
8
8
8
8
8
8
8
8
8
88
8
16
8
8
16
88
8
16
8
0
16
88
8
16
8
8
16
88
8
16
8
8
16
40
64
256
224
832
1024
208
968
32
72
8
32
72
8
968
32
72
8
968
208
208
832
832
0
8
8
8
8
8
8
8
8
8
8
4
4
4
12
4
4
12
12
4
4
4
12
4
4
12
12
4
4
4
12
4
4
12
4
4
12
12
4
4
4
88
4
4
16
40
64
256
224
560
1024
140
968
968
32
72
8
32
72
8
968
32
72
8
140
140
560
560
0
4
8
8
8
8
8
8
8
8
8
4
4
4
4
4
4
12
4
4
4
4
4
12
4
4
12
12
4
4
4
12
4
4
12
12
12
4
4
4
8
88
8
16
8
8
16
88
8
16
8
0
16
88
8
16
8
8
16
88
8
16
8
8
16
40
64
256
224
208
256
52
968
32
72
968
52
52
208
208
0
4
8
8
8
4
8
4
4
4
4
12
4
4
12
12
4
8
4
4
8
88
8
16
8
0
16
88
8
16
8
0
16
88
8
16
8
8
16
88
8
16
8
8
16
40
64
256
224
272
512
68
968
32
72
8
68
68
272
272
0
4
8
8
8
8
4
4
12
12
4
4
4
4
4
12
12
4
4
12
4
24
88
24
16
24
0
16
88
24
16
24
0
16
88
24
16
24
24
16
88
24
16
24
24
16
40
64
256
224
192
256
48
32
72
8
968
48
48
192
192
0
8
4
4
12
4
12
88
12
12
16
40
7483
50
472
4096
1600
1024
5
55
168
50
104
44
72
41
56
50
56
50
53
72
50
53
50
50
47
72
41
56
72
50
56
50
50
41
59
104
53
56
50
59
53
56
50
53
56
50
49
104
44
46
72
41
55
72
50
55
50
50
41
58
104
53
55
50
58
53
55
50
53
55
50
44
52
104
47
46
41
61
104
56
55
50
61
56
55
50
56
55
50
47
46
41
64
168
59
58
53
61
56
55
50
64
59
58
53
61
56
55
50
59
58
53
61
56
55
50
773
168
84
24
50
693
773
172
2112
344
344
50
50
50
50
50
50
50
50
50
50
50
50
50
50
50
50
50
50
50
50
24
24
24
24
24
24
24
24
24
773
4
2
88
48
1
50
773
2
773
8
24
8
24
8
24
8
24
8
24
4
8
88
4
4
16
2048
8
24
8
24
8
24
2
773
12
32
12
32
12
32
12
32
12
32
4
8
88
4
4
16
2048
12
32
12
32
12
32
2
773
16
40
16
40
16
40
16
40
16
40
16
40
16
40
16
40
2
773
20
48
20
48
20
48
20
48
20
48
20
48
20
48
20
48
2
773
24
56
24
56
24
56
24
56
24
56
24
56
24
56
24
56
2
773
4
8
88
12
12
2048
28
64
28
64
28
64
28
64
28
64
28
64
28
64
24
56
2
773
4
4
12
88
12
12
16
2048
32
72
32
72
32
72
32
72
32
72
32
72
32
72
24
56
2
773
36
80
36
80
36
80
36
80
36
80
36
80
36
80
24
56
2
773
40
88
40
88
40
88
40
88
40
88
40
88
40
88
24
56
2
773
44
96
4
8
88
4
4
16
2048
44
96
4
4
12
88
4
4
16
88
4
4
16
2048
44
96
44
96
44
96
44
96
44
96
24
56
2
773
48
104
4
8
88
4
4
16
2048
48
104
4
8
88
4
4
16
2048
48
104
48
104
48
104
48
104
48
104
24
56
2
773
52
112
4
8
88
4
4
16
2048
52
112
4
8
88
4
4
16
2048
52
112
52
112
52
112
52
112
52
112
24
56
2
773
56
120
56
120
56
120
56
120
56
120
56
120
56
120
24
56
2
773
60
128
60
128
60
128
60
128
60
128
60
128
60
128
24
56
2
773
64
136
64
136
64
136
64
136
64
136
60
128
60
128
24
56
2
773
68
144
68
144
68
144
68
144
68
144
60
128
60
128
24
56
2
773
72
152
72
152
72
152
72
152
72
152
60
128
60
128
24
56
2
773
76
160
76
160
76
160
76
160
76
160
60
128
60
128
24
56
2
773
80
168
80
168
80
168
80
168
80
168
60
128
60
128
24
56
2
773
84
176
84
176
84
176
84
176
84
176
60
128
60
128
24
56
2
773
88
184
88
184
88
184
88
184
88
184
60
128
60
128
24
56
2
773
92
192
92
192
92
192
92
192
92
192
60
128
60
128
24
56
2
773
96
200
96
200
96
200
96
200
96
200
60
128
60
128
24
56
2
773
100
208
100
208
100
208
100
208
100
208
60
128
60
128
24
56
50
50
50
50
50
50
50
1
50
3
50
50
50
50
50
50
50
50
1
693
773
2
773
2
773
2
773
2
773
2
773
2
773
2
773
2
773
4097
9
4097
1
9
472
50
693
773
4096
9
9
16
1024
216
472
120
4096
542
544
64
48
550
540
80
539
64
540
48
544
64
472
4096
472
1024
4096
4097
9
4
8
88
4
4
16
2048
4
8
88
12
12
16
2048
4
8
88
100
100
16
2048
4
4
4
4
4
4
4
32
88
8
8
16
88
8
8
16
88
4
4
16
88
4
4
16
88
12
12
16
88
20
20
16
88
8
8
16
2048
4
8
88
4
4
16
2048
4
8
88
4
4
16
2048
4
8
88
4
4
16
2048
4
8
88
4
4
16
2048
4
8
88
4
4
16
2048
4
8
88
4
4
16
2048
4
8
88
12
12
16
2048
4
4
12
88
4
4
16
88
4
4
16
2048
4
8
88
4
4
16
2048
4
8
88
4
4
16
2048
4
8
88
4
4
16
2048
4
4
4
4
4
4
4
4
4
4
44
88
4
4
16
2048
4
8
2048
4
8
88
12
12
16
2048
4
8
88
8
8
16
2048
4
8
88
4
4
16
2048
4
8
88
4
4
16
2048
4
8
88
4
4
16
2048
4
8
88
4
4
16
2048
4
8
88
4
4
16
2048
4
8
88
4
4
16
2048
4
8
88
20
20
16
2048
4
4
12
88
8
8
16
88
4
4
16
2048
4
8
88
4
4
16
2048
4
8
88
4
4
16
2048
4
8
88
20
20
16
2048
4
4
12
88
4
4
16
88
8
8
16
2048
4
8
88
4
4
16
2048
4
8
88
4
4
16
2048
4
8
88
4
4
16
2048
4
8
88
8
16
8
8
16
88
8
16
8
8
88
8
16
8
8
2048
4
8
88
12
12
16
2048
4
8
88
8
8
16
2048
4
8
88
4
4
16
2048
4
8
88
4
4
16
2048
40
88
4
8
88
12
12
16
2048
4
8
88
16
16
16
16
16
88
16
16
16
16
16
88
16
16
16
16
16
4096
136
280
4
8
88
8
8
16
2048
4
8
88
4
4
16
2048
4
8
88
4
4
16
2048
4
8
88
4
4
16
2048
4
8
88
4
4
16
2048
4
8
88
4
4
16
2048
4
8
88
4
4
16
2048
4
8
88
4
4
16
2048
4
8
88
4
4
16
2048
4
8
88
4
4
16
2048
4
8
88
4
4
16
2048
4
8
88
4
4
16
2048
4
8
88
4
4
16
2048
4
8
88
4
4
16
2048
4
8
88
4
4
16
2048
128
264
4
4
4
16
88
4
4
16
88
4
4
16
88
4
4
16
2048
4
8
88
4
4
16
2048
4
8
88
4
4
16
2048
4
8
88
4
4
16
2048
4
8
88
4
4
16
2048
4
8
88
4
4
16
2048
4
8
88
4
4
16
2048
4
8
88
4
4
16
2048
328
4
8
88
4
4
16
2048
4
8
88
4
4
16
2048
4
8
88
60
60
16
2048
4
4
4
4
4
24
88
36
16
36
36
16
88
36
16
36
36
88
36
16
36
36
16
88
8
16
8
8
16
88
8
16
8
8
16
88
8
16
8
8
16
88
28
16
28
28
16
88
28
16
28
28
16
88
28
16
28
28
16
88
16
16
16
16
16
88
16
16
16
16
16
88
16
16
16
16
16
2048
4
4
12
88
4
4
16
88
4
4
16
2048
4
8
88
4
4
16
2048
68
144
4
8
88
4
4
16
2048
4
8
88
4
4
16
2048
4
8
88
12
12
16
2048
4
4
12
88
4
4
16
88
4
4
16
2048
4
8
88
20
20
16
2048
4
4
4
16
88
8
16
8
8
16
88
8
16
8
8
16
88
8
16
8
8
88
4
4
2048
176
100
208
200
104
120
104
168
112
96
200
96
144
773
50
693
773
