37
72704
472
4096
1024
472
1024
472
4096
1024
472
1024
1024
5
120
12
776
112
1336
216
432
104
88
120
168
104
80
192
12
12
12
12
12
12
5
120
12
776
112
1336
216
432
104
88
120
168
104
80
192
12
12
12
12
12
12
281
34
10
55
472
4096
1600
1024
5
60
168
55
104
49
72
46
56
55
56
55
58
72
55
58
55
55
52
72
46
61
72
55
61
55
55
46
64
104
58
61
55
64
58
61
55
58
61
55
54
104
49
51
72
46
60
72
55
60
55
55
46
63
104
58
60
55
63
58
60
55
58
60
55
49
57
104
52
51
46
66
104
61
60
55
66
61
60
55
61
60
55
52
51
46
69
168
64
63
58
66
61
60
55
69
64
63
58
66
61
60
55
64
63
58
66
61
60
55
55
55
55
55
55
55
55
55
55
55
55
55
55
55
55
55
55
55
55
55
55
55
55
55
55
55
55
55
55
55
55
55
55
55
55
55
55
55
55
55
55
55
55
55
55
55
55
55
55
55
55
55
55
55
55
55
55
55
55
55
55
55
55
55
55
55
55
55
55
55
55
55
55
55
55
55
55
55
55
55
55
55
55
55
55
55
55
55
55
55
55
55
55
55
55
55
55
55
55
55
55
55
55
55
55
55
55
55
55
55
55
55
55
55
55
55
55
55
55
55
55
55
55
55
55
55
55
55
55
55
55
55
55
55
55
55
55
55
55
55
55
55
55
55
55
55
55
55
55
55
55
55
55
55
55
55
55
55
55
55
55
55
55
55
55
55
55
55
55
55
55
55
55
55
55
55
55
55
55
55
55
55
55
55
55
55
55
55
55
55
55
55
55
55
55
55
55
55
55
55
55
55
55
55
55
55
55
55
55
55
55
55
55
55
55
55
55
55
55
55
55
55
55
55
55
55
55
55
55
55
55
55
55
55
55
55
55
42
24
35
1205
35
56
360
8
2304
472
120
1024
16
128
16
128
32816
472
120
4096
16
512
32816
16
8
16
8
16
128
16
8
16
128
472
120
1024
472
472
472
472
16
760
22
10
91
48
864
472
4096
853
44
156
3312
27
40
10
46
3328
80
40
16
18
168
17
24
2
256
256
256
256
88064
472
1600
1024
8192
12
271
12
281
168
32816
131072
131072
80
1040
1024
48
1024
216
472
120
4096
542
544
64
48
550
540
80
539
64
540
48
544
64
472
4096
3200
3200
1040
1040
1040
1040
1040
1040
1040
1040
1040
1040
1040
1040
1040
1040
1040
1040
1040
1040
1040
1040
1040
1040
1040
1040
1040
1040
1040
1040
1040
1040
1040
1040
1040
1040
1040
1040
1040
1040
1040
1040
1040
1040
1040
1040
1040
1040
1040
1040
1040
1040
1040
1040
1040
1040
1040
1040
1040
1040
1040
1040
1040
1040
1040
1040
1040
1040
1040
1040
1040
1040
1040
1040
1040
1040
1040
1040
1040
1040
1040
1040
1040
1040
1040
1040
1040
1040
1040
1040
1040
1040
1040
1040
1040
1040
1040
1040
1040
1040
1040
48
472
4096
1040
48
472
4096
1040
48
472
4096
1040
1040
1040
1040
1040
1040
1040
1040
1040
1040
1040
1040
1040
1040
48
472
4096
1040
1040
48
472
4096
1040
1040
1040
1040
1040
1040
1040
1040
1040
1040
1040
48
472
4096
1040
1040
1040
1040
1040
1040
1040
1040
1040
1040
1040
1040
1040
1040
1040
1040
48
472
4096
1040
1040
1040
48
472
4096
1040
1040
48
472
4096
1040
1040
1040
1040
1040
1040
1040
1040
1040
1040
1040
1040
1040
1040
1040
1040
1040
1040
1040
1040
1040
1040
1040
1040
1040
1040
1040
1040
1040
1040
1040
1040
1040
1040
1040
1040
1040
1040
1040
1040
1040
1040
1040
1040
1040
1040
1040
1040
1040
1040
1040
1040
1040
1040
1040
1040
1040
1040
1040
1040
1040
1040
1040
1040
1040
1040
1040
1040
1040
1040
1040
1040
1040
1040
1040
1040
1040
1040
48
472
4096
1040
1040
1040
1040
1040
1040
1040
1040
1040
1040
1040
1040
1040
1040
1040
1040
1040
1040
1040
1040
1040
1040
1040
1040
1040
1040
1040
1040
1040
1040
1040
1040
1040
1040
1040
1040
1040
1040
1040
1040
1040
1040
1040
1040
1040
1040
1040
1040
1040
1040
1040
1040
1040
1040
1040
1040
1040
1040
1040
1040
1040
1040
1040
1040
1040
1040
1040
1040
1040
1040
1040
1040
1040
1040
1040
1040
1040
1040
1040
1040
1040
1040
1040
1040
1040
1040
1040
1040
1040
1040
1040
1040
1040
1040
1040
1040
1040
1040
1040
1040
1040
1040
1040
1040
1040
1040
1040
3304
3304
3304
3304
472
1024
12
271
12
281
168
32816
1040
15
472
4096
1172
20
20
20
21
12
271
12
281
384
12
271
12
281
2672
472
1024
12
271
12
281
168
32816
1040
15
12
271
12
281
12
271
12
281
2672
472
1024
12
271
12
281
168
32816
1040
15
12
271
12
281
12
271
12
281
2672
472
1024
12
271
12
281
168
32816
1040
15
12
271
12
281
12
271
12
281
2672
472
1024
12
271
12
281
168
32816
1040
15
12
271
12
281
12
271
12
281
2672
